CODIGO|ALTURADESDE|ALTURAHASTA
17370 | 4300| 4399
18550 | 3000| 3099
18700 | 3000| 3099
18550 | 3100| 3199
18550 | 2900| 2999
18700 | 2900| 2999
10675 | 9000| 9099
07450B| 5400| 5699
08850 | 1500| 1599
05000B| 4700| 4799
06170 | 3950| 3999
11525 | 6100| 6199
09200 | 8999| 9999
17300C| 2400| 2699
09875A| 8700| 8799
03400 | 2700| 3199
03400 | 3300| 4899
05850B| 3100| 3199
06225C| 4500| 4699
03450A| 3200| 3299
16330 | 4500| 4599
20100 | 3300| 3399
09400C| 9100| 9300
09475 | 9100| 9199
09600B| 9100| 9199
09675B| 9100| 9199
09875B| 9100| 9199
08000B| 5000| 10600
10475 | 8700| 8799
10485 | 8700| 8799
07050 | 7800| 7850
07700A| 3100| 3199
00000A| 2300| 4199
00250 | 7700| 7799
00375 | 3000| 3599
00400 | 7500| 7899
00575 | 3000| 3599
00600 | 6600| 8699
00600 | 8710| 9000
00700 | 4200| 4399
00725 | 0400| 0499
00750 | 4300| 4499
00775A| 3000| 3599
00775B| 3600| 3899
00785 | 3600| 3899
00800 | 6500| 8199
00900 | 4300| 4499
00925 | 4300| 4599
00975 | 3000| 3899
00985 | 3000| 3099
00985 | 3600| 3899
01000 | 6400| 8199
01050 | 8100| 8199
01125 | 4400| 4699
01175A| 3000| 3599
01175B| 3600| 3899
01200 | 6100| 8299
01250 | 8100| 8299
01300 | 4400| 4499
01325 | 4500| 4699
01375 | 3000| 3599
01400 | 6000| 7099
01400 | 7200| 8199
01450 | 7100| 7199
01475 | 4700| 7499
01575 | 3100| 3599
01600 | 4400| 4599
01600 | 5900| 8199
01625 | 3500| 4699
01700 | 3100| 3199
01700A| 3800| 4199
01725 | 0800| 0899
01800A| 3500| 4699
01800B| 5700| 8199
01900A| 3000| 3599
01900B| 3800| 4199
02000A| 3270| 4850
02000A| 5000| 5699
02000B| 5700| 8299
02100 | 2900| 4249
02125A| 0900| 0999
02125B| 1000| 1300
02150 | 3600| 3799
02200 | 3100| 6799
02300 | 2800| 3599
02300 | 3800| 4299
02350 | 3300| 3399
02350 | 3600| 3799
02400 | 2950| 3499
02400 | 4450| 8199
02450 | 5300| 5399
02450 | 6600| 6799
02450 | 8100| 8199
02500 | 2600| 4299
02550 | 3000| 3099
02550 | 3700| 3999
02600 | 3000| 6189
02600 | 6500| 8199
02650A| 5800| 5999
02650B| 6400| 6499
02700 | 2600| 4499
02750 | 3400| 3499
02800 | 2800| 5799
02800 | 6200| 8199
02900 | 2600| 4599
02925 | 1400| 1499
02950 | 3900| 3999
03000 | 3000| 5599
03000 | 5900| 8199
03050A| 8100| 8199
03050B| 5200| 5299
03100 | 2400| 4499
03200 | 3000| 5199
05050B| 4700| 4899
03250A| 6350| 6399
03250B| 7650| 7899
03650 | 8400| 8499
03300 | 2300| 4499
03350 | 3900| 3999
20100 | 3200| 3299
35560 | 0001| 9999
03430 | 8100| 8199
03450 | 7800| 7850
03500 | 2300| 4199
03500 | 4300| 4599
03550 | 4400| 4499
03600 | 2650| 4699
03600 | 4900| 7899
06850 | 7300| 7599
03700 | 2300| 4599
03800 | 2600| 4399
37280 | 0001| 9999
03900 | 2300| 4599
03950 | 3600| 3699
03950 | 4200| 4299
04000 | 2600| 8199
04025 | 4200| 10599
04050 | 7000| 7099
04100 | 2400| 4699
04200 | 2650| 8199
04200 | 8800| 8999
04250 | 5400| 5449
04300 | 2400| 3499
04300 | 3800| 4599
04400 | 2600| 8199
04400 | 8700| 8999
04450A| 2600| 3099
04450B| 5400| 5449
04500 | 2400| 4599
04530 | 4500| 4699
04550 | 3600| 3799
04550A| 4300| 4799
04570 | 4500| 4899
04600 | 2600| 4699
04600 | 5400| 9699
04600A| 1500| 2000
04650 | 7100| 7199
04650 | 7500| 7599
20150 | 6899| 6999
04675 | 3100| 3199
04700 | 2399| 4899
04750 | 2500| 2599
04750 | 4100| 4799
04800A| 2500| 3499
04800B| 3500| 4699
04800B| 5400| 8499
04850A| 4600| 4699
04850C| 5400| 5599
04850C| 5800| 5999
04850C| 6900| 6999
04870 | 1600| 1899
04875 | 2000| 2499
04900A| 2480| 3499
04900B| 3500| 4799
05000A| 1100| 1499
05000B| 2300| 3499
05000B| 5400| 9499
05000C| 3500| 5399
05000D| 10300| 10599
05000E| 1500| 2099
05050C| 4699| 5099
05050E| 4000| 4099
05050E| 5400| 5699
05050E| 5700| 5999
05050E| 7500| 7699
05050E| 9000| 9099
05050G| 10400| 10599
05050H| 8800| 8960
05070 | 5400| 5599
05080 | 5500| 5599
05100 | 2400| 4899
05125 | 0800| 2399
05125 | 3000| 3499
20950 | 4000| 4299
05200A| 7700| 9599
20900A| 4000| 4199
05200B| 10300| 10599
05250A| 6100| 6299
05250A| 6600| 6699
05250A| 9700| 9799
05250B| 10300| 10599
05250C| 8800| 9099
05275A| 3500| 10799
05275B| 2500| 2799
05275C| 5550| 5699
05275D| 6300| 6599
05275D| 7300| 8399
05300 | 2200| 4899
05400A| 1100| 4399
05400A| 4600| 4699
05400A| 5100| 5499
05400A| 5800| 6199
05400A| 6300| 7699
05400A| 7900| 9599
05400B| 10300| 10599
05430 | 6000| 6199
05450A| 3900| 3999
05450A| 6000| 6170
05450A| 6250| 6350
05450A| 6500| 6699
05450A| 7300| 7699
05450B| 10300| 10599
36525 | 0001| 9999
05500A| 2000| 3099
05500B| 3100| 3799
05525 | 4300| 4799
05530 | 1900| 1999
05550 | 3800| 4899
05570 | 1900| 2099
05600A| 1000| 5599
05600A| 5830| 6099
05600A| 6200| 9299
05600B| 10200| 10599
05650A| 2200| 2299
05650A| 3900| 3999
05650A| 6000| 6199
05650A| 6500| 6599
05650B| 10300| 10599
05675 | 3800| 10699
05700A| 1700| 2099
05700B| 2200| 3099
05700C| 3100| 4599
05750 | 1800| 1899
05800A| 0500| 0699
05800A| 1000| 3799
05800A| 4000| 9699
05800B| 10200| 10699
05825 | 0001| 0799
05830 | 7300| 7499
20100 | 3400| 3499
05850A| 7300| 8399
05850C| 10300| 10599
05875 | 3800| 5500
05875B| 6000| 6349
05900A| 1600| 1699
05900A| 1900| 2099
05900B| 2200| 4499
05900C| 1600| 1899
05950 | 2900| 2999
05975 | 1600| 1999
05985 | 1600| 2299
05985 | 2800| 3199
06000 | 0900| 3999
06000 | 4400| 5699
06000 | 5810| 10099
06025 | 2500| 2899
06025A| 3800| 3899
06025A| 4000| 4699
06025B| 3800| 4499
06050 | 4740| 5199
06050 | 5300| 5599
06050 | 6000| 6199
06050 | 6300| 6399
06050 | 6500| 8399
06100A| 2000| 4349
06100B| 1100| 2090
06150 | 3900| 3999
06150 | 4100| 4199
06200 | 0800| 4499
06200 | 4900| 10099
06225A| 0500| 0599
06225B| 3700| 4499
06225C| 3800| 4499
06230 | 9000| 9099
06250 | 3500| 3699
06250 | 4300| 4599
06250 | 5200| 5599
06250 | 6500| 6699
06250 | 7900| 8299
06270 | 9000| 9099
06275 | 0500| 0599
06300A| 2100| 3099
06300B| 3100| 3699
06300B| 3900| 4299
06300C| 1000| 2099
06350 | 4000| 4099
06400 | 0900| 4899
06400 | 5400| 9599
06400 | 10400| 10499
06425 | 0100| 0899
06425A| 3800| 4099
06450 | 3500| 3599
06450 | 4500| 4899
06450 | 5000| 5099
06450 | 6700| 7699
06485 | 3100| 3199
06500A| 0850| 2199
06500B| 2100| 3699
06500B| 4000| 4120
06600A| 0900| 4699
06600A| 4900| 5499
06625 | 0150| 0899
06650 | 4700| 4799
06650 | 7700| 7799
06675 | 4600| 5399
06700A| 0900| 2299
06700B| 2200| 3680
06800 | 0900| 6699
06800 | 7000| 9749
06800 | 10100| 10499
06825 | 0100| 0899
06825A| 7100| 7199
06850 | 1200| 1299
06850 | 4000| 4199
06850 | 5000| 5399
06850 | 5500| 5699
06850 | 5800| 6099
06850 | 6300| 6699
06850 | 7100| 7199
06900A| 0900| 2399
06900B| 2400| 3799
07000 | 0900| 2099
07000 | 2200| 3499
07000 | 3600| 7099
07000 | 7200| 7499
07000 | 7600| 9799
07000 | 10100| 10299
07000 | 10400| 10699
07025 | 0200| 0899
07025A| 2600| 3799
07025A| 3900| 4100
07025A| 4300| 5599
07050 | 3900| 3999
07050 | 1400| 1499
07050 | 4000| 4199
07050 | 4900| 5499
07050 | 7400| 7699
07075 | 3500| 4999
07100A| 0830| 2399
07100B| 2400| 3899
07150A| 0750| 0999
07150A| 1200| 2299
07150B| 2600| 2699
07200 | 0900| 3499
07200 | 4300| 9799
07200 | 10100| 10499
07225 | 0200| 0830
07250A| 1400| 1499
07250A| 1900| 1999
07250A| 2300| 2399
07250A| 4700| 4799
07250A| 5200| 5299
07250A| 5400| 5599
07250A| 6300| 6799
07250A| 7300| 7399
07250B| 3600| 3699
07250B| 4000| 4093
07250B| 4200| 4299
07275 | 3500| 4999
07300A| 0600| 2399
07300B| 2400| 3899
07350A| 2800| 2999
07350B| 3100| 3499
07400 | 0900| 1999
07400 | 2200| 3399
07400 | 4800| 10699
07425 | 0100| 0999
07450A| 3000| 4999
07450B| 2500| 2999
07450B| 5200| 5299
07450B| 5700| 6199
07450B| 6400| 7299
07475 | 3500| 4999
07500A| 0730| 2399
07500B| 2400| 3499
07550 | 0900| 0999
07550 | 3500| 3999
07600 | 1100| 1599
07600 | 1750| 1999
07600 | 2200| 2999
07600 | 3400| 3499
07600 | 5400| 7599
07600 | 7710| 8699
07625 | 0400| 0599
07650 | 1300| 1399
07650 | 1800| 1899
07650 | 5600| 6199
07650 | 6700| 7299
07675A| 3500| 3699
07675B| 5000| 10699
07675C| 3500| 4999
07700A| 0700| 2399
07700A| 3200| 3350
07700A| 3500| 3999
07725 | 2500| 2799
07750 | 3300| 3399
07775 | 2800| 4799
07800 | 0800| 1599
07800 | 1700| 2999
07800 | 5000| 5299
07800 | 5600| 8599
07825 | 0400| 0599
07825A| 3800| 4199
07850 | 0900| 0999
07850 | 1200| 1399
07850 | 5100| 5199
07850 | 6700| 6799
07850 | 6900| 7099
07875 | 3400| 3799
07875A| 3600| 3699
07900 | 0700| 4599
07950 | 3500| 3999
08000 | 0800| 1599
08000 | 1700| 3099
17300D| 0001| 1000
08025 | 0400| 0599
08050 | 0800| 1275
08050 | 1600| 1699
08050 | 2000| 2099
08050 | 2700| 2799
08050 | 5100| 5299
08050 | 6900| 7299
08075 | 3400| 3699
08075A| 3500| 3599
08100 | 0700| 4399
08200 | 0750| 3399
08200 | 5300| 6499
08200 | 7200| 8399
08250A| 3100| 3799
08250A| 3900| 4099
08250A| 4700| 4999
08250B| 1000| 1099
08250B| 2000| 2199
08250B| 2900| 3099
08250B| 4600| 4699
08250B| 6400| 6499
08250C| 3900| 4599
08275 | 5000| 10699
08275A| 3400| 3599
08275B| 3300| 3499
08275C| 1700| 2299
08300 | 0700| 4899
08330 | 3800| 3899
08400 | 0800| 3399
08400 | 3900| 4799
08400 | 5500| 6999
08400 | 7800| 8599
08450 | 1000| 1199
08450 | 1300| 1599
08450 | 2000| 2199
08450 | 2900| 3299
08450 | 3920| 4899
08450 | 6200| 6499
08450 | 7100| 7299
08475 | 5500| 7299
08475 | 8100| 8299
08475A| 3200| 3399
08475B| 3100| 3299
08500 | 0700| 4399
08550 | 2000| 2099
08600 | 0950| 1099
08600 | 1300| 1599
08600 | 1900| 3199
08600 | 3900| 4799
08600 | 6100| 6299
08600 | 6500| 7799
08630 | 1300| 1399
08650A| 1400| 1599
08650B| 6600| 6799
08650B| 7100| 7399
08650B| 7600| 7699
08650C| 7900| 7999
08670 | 1300| 1399
08670 | 1500| 1599
08675 | 3100| 3199
08675A| 0300| 0599
08700 | 0650| 4399
08750 | 3100| 3199
08800 | 1200| 2099
08800 | 2300| 2999
08800 | 3800| 4899
08800 | 6200| 8399
08825 | 3100| 3499
08825 | 3900| 4299
08850 | 4800| 4899
08850 | 5000| 5399
08850 | 6300| 6499
08850 | 7000| 7399
08850 | 7900| 7999
08850 | 8100| 8499
08870 | 2400| 2990
08875 | 3000| 3150
08875A| 0300| 0650
08890A| 0300| 0650
08900 | 0600| 3699
08925A| 3600| 4699
08925B| 1600| 1799
08950 | 2300| 2349
08950 | 2350| 2399
09000 | 1300| 3099
09000 | 3800| 4499
09000 | 5000| 5399
09000 | 5600| 5799
09000 | 6200| 8599
09050 | 1300| 1750
09050 | 1800| 1899
09050 | 2400| 2999
09050 | 6000| 6099
09050 | 6300| 6399
09050 | 7100| 7299
09050 | 9600| 9999
09075A| 0300| 0699
09100 | 0600| 2299
09100 | 2400| 3699
09125 | 3600| 4699
09150 | 2300| 2399
09150 | 4000| 4199
09175 | 0600| 0799
09200 | 1600| 2999
09200 | 5900| 8499
09200 | 9600| 9999
09230 | 2100| 2199
09250A| 1700| 1999
09250A| 2400| 2999
09250B| 5900| 6199
09250B| 7100| 7199
09250B| 8100| 8499
09250B| 9600| 9999
09270 | 2100| 2199
09275 | 7900| 8299
09300 | 0700| 3599
09325 | 3600| 4699
09350 | 0900| 0999
09350 | 3200| 3299
09350 | 3400| 3499
09375 | 0600| 0999
09400A| 1700| 2999
09400B| 5900| 6199
09400B| 6700| 7499
09400B| 7800| 9399
09400B| 9700| 9999
09450 | 2400| 2899
09450 | 6000| 6099
09450 | 7100| 7199
09450 | 7800| 7999
09450 | 8200| 8299
09450 | 9800| 9999
09475 | 8500| 8599
09500 | 1200| 3699
09525 | 3600| 4699
09550 | 2400| 2450
09600 | 2240| 10099
09630 | 7800| 7999
09650A| 2400| 2799
09650B| 7100| 7199
09670 | 7800| 7999
09675 | 7300| 7499
37125A| 0001| 9999
09685 | 7300| 7499
09700 | 1000| 3699
09750 | 0800| 1699
08875B| 9100| 9199
09830 | 2300| 2399
09850 | 7000| 8199
09870 | 2300| 2399
09200 | 4200| 4399
09875A| 6500| 7099
09900A| 1400| 1499
09900A| 1510| 3549
09900B| 3600| 4349
09950 | 1000| 1189
09950 | 2800| 2899
10000 | 6500| 7099
10000 | 7800| 9599
10030 | 9100| 9599
10050 | 8100| 8199
10070 | 8100| 8199
10075 | 9100| 9399
10085 | 9100| 9199
10085 | 9300| 9399
10095 | 9100| 9199
10095 | 9300| 9399
10100 | 1000| 4099
10130 | 3200| 3499
10200 | 7100| 9099
10230 | 8100| 8199
10250 | 8400| 8599
10270 | 8100| 8199
10275 | 6500| 7099
10275B| 9100| 10699
10285 | 9100| 9399
10300 | 0900| 4099
10400 | 6500| 8699
10420 | 8100| 8199
10430 | 8100| 8199
10450 | 8100| 8199
10460 | 8100| 8199
10470 | 8130| 8199
10475 | 9100| 9399
10485 | 9100| 9399
10500 | 0800| 4099
10550 | 0800| 1099
10550 | 1200| 1299
10600 | 6500| 9100
10650 | 8700| 9099
10665 | 8400| 8599
10675 | 9100| 10399
10675 | 8600| 8999
10675 | 9100| 9399
10685 | 9100| 9399
10700A| 0800| 2499
10700B| 2500| 4199
10750 | 2070| 2150
10800 | 6500| 9099
10800 | 9600| 10699
10875 | 8700| 9699
10900 | 0900| 4199
10925 | 3110| 3699
11000 | 6500| 9399
11000 | 9600| 9799
11000 | 10400| 10699
11050 | 8000| 8099
11050 | 9300| 9399
11050 | 9600| 9799
11050 | 10400| 10499
11075A| 8600| 8750
11075B| 9500| 9699
11100 | 0800| 4399
11200 | 6500| 10699
11250A| 8000| 8099
11250B| 9300| 10199
11250B| 10600| 10699
11275A| 6300| 7099
11275B| 8500| 9699
11300A| 0700| 2599
11300A| 3200| 4499
11300B| 2700| 3199
11325 | 2200| 2499
11350 | 4100| 4199
11350 | 4300| 4399
11400 | 6500| 10699
11450A| 8000| 8099
11450B| 10100| 10199
11450B| 10600| 10699
11500A| 0730| 2499
11500A| 3200| 4199
11500B| 2600| 3199
11525 | 2200| 2499
11550A| 2900| 2999
11550B| 3400| 3499
11550B| 4100| 4399
11600 | 7200| 10699
11650A| 8000| 8099
11650B| 8300| 8399
11650B| 9730| 9899
11675A| 6500| 10499
11700 | 0680| 3399
11700 | 3500| 4199
11750 | 0700| 0999
11750 | 3400| 3499
11750 | 4100| 4499
11800 | 7200| 10699
11850A| 8300| 8399
11850B| 9700| 10099
11850B| 10300| 10650
11875 | 6600| 7199
11900 | 0600| 4699
11950 | 0700| 0999
11950 | 1700| 1799
11950 | 2600| 2799
12000 | 7200| 10699
12050 | 9200| 9499
12050 | 9900| 9999
12075 | 6600| 7100
12095 | 7000| 7099
12100 | 1000| 5000
12150 | 0700| 0999
12150 | 1700| 1799
12150 | 2610| 2790
12150 | 3300| 3399
12200 | 6400| 6599
12200 | 7400| 10559
12250 | 7900| 7999
12300 | 0480| 4450
12350 | 2600| 2699
12350 | 2950| 3199
12400 | 6100| 9799
12475 | 8300| 8699
12500 | 0400| 4499
12550 | 1300| 1799
12550 | 2600| 2860
12550 | 3000| 3099
12600 | 6400| 6599
12600 | 7699| 9799
12630 | 8600| 8799
12650 | 6600| 6699
12650 | 8300| 9099
12675 | 9000| 9599
12700 | 0330| 4599
12800 | 7600| 9799
12900A| 0290| 4599
12900A| 5700| 6199
12900B| 4600| 5699
12950 | 5500| 5599
12950A| 0500| 0899
13000 | 7600| 9799
13050A| 7700| 8050
13050A| 8100| 8170
13050B| 9300| 9699
13060 | 8100| 8199
13070 | 7800| 8270
13100 | 0200| 6699
13150A| 1100| 1599
13150B| 4300| 4599
13200 | 8000| 9799
13230 | 7800| 8299
13250A| 8000| 8399
13250A| 9700| 9799
13250B| 10100| 10499
13270A| 7800| 8299
13270B| 10100| 10199
13270B| 10400| 10499
13275 | 9800| 10099
13300 | 0150| 6699
13350 | 1200| 1299
06650 | 7500| 7599
13350 | 1800| 1899
13350 | 4700| 4799
13400A| 8000| 8899
13400B| 9000| 9799
13400C| 10100| 10499
13430 | 8000| 8399
13430 | 9600| 9799
13450A| 8100| 8299
13450B| 10100| 10199
13450B| 10400| 10499
13470 | 8100| 8299
13470 | 9600| 9799
13475 | 9800| 10099
13500A| 0100| 1099
13500A| 2500| 6599
13500B| 1000| 2499
13550 | 1500| 1599
13550 | 4700| 4899
13550A| 1500| 1599
13600A| 8100| 9399
13600B| 9400| 9799
13600C| 10100| 10499
13630 | 8100| 8399
13630 | 8600| 8699
13630 | 9700| 9799
13650 | 8100| 8399
13650 | 8600| 8699
13670 | 8100| 8399
13670 | 8600| 8699
13670 | 9700| 9799
13675 | 9800| 10099
13700 | 0100| 0999
13700 | 2500| 5599
13750 | 4800| 4899
13800A| 8100| 9799
13800B| 10100| 10499
13830 | 8100| 8299
13850 | 8000| 8299
13870 | 8100| 8299
13875 | 9800| 10099
13900 | 0100| 6599
13925 | 0001| 10499
13950 | 3200| 3599
14000A| 8100| 9799
14000B| 10100| 10499
14030 | 8100| 8399
14030 | 9600| 9799
14050 | 8099| 8299
14050 | 9600| 9799
14070 | 8100| 8299
14070 | 9600| 9799
14075 | 10200| 10499
14100A| 0001| 0999
14100B| 1500| 5499
14130 | 1500| 1599
14150 | 1000| 1899
14150 | 5000| 5099
14150 | 6100| 6199
14200 | 8100| 9799
14230 | 8100| 8299
14230 | 9600| 9799
14250 | 8100| 8299
14250 | 8600| 9799
14270 | 8100| 8299
14270 | 9099| 9799
14300 | 0100| 6399
14350 | 0500| 0599
14400 | 9300| 9699
14500A| 0001| 0990
14500B| 1000| 4099
14500C| 4100| 5999
14550A| 0600| 0699
14550B| 3000| 3099
14600 | 9300| 9699
14700 | 0001| 6699
14725 | 4600| 4899
14750 | 5600| 6099
14800 | 9400| 9699
14900 | 0001| 6149
14925 | 4700| 4999
14950 | 3000| 3099
14950 | 3500| 3599
14950 | 4200| 4299
14950 | 5200| 5299
15000 | 9400| 9699
15100 | 0001| 6799
15125 | 4100| 4399
15300 | 0010| 6499
15350 | 3000| 3199
15500 | 0001| 6899
15550 | 1200| 1299
15550 | 2400| 2499
15700 | 0010| 6899
15750 | 5400| 5599
15750A| 4800| 4999
15900 | 0001| 7199
15950 | 0299| 1099
15950 | 5300| 5399
15950 | 5800| 6399
16100 | 0100| 6399
16150 | 0600| 0699
16150 | 3000| 3199
16300 | 0100| 6399
16330 | 2300| 2599
16330 | 3000| 3199
16330 | 4600| 4799
16500 | 2300| 2599
16500 | 3200| 7199
16530A| 4600| 4699
16530A| 4800| 5099
16530B| 6000| 6399
16550A| 5675| 5799
16550B| 5800| 6489
16570A| 4800| 5099
16570B| 5800| 5899
16570B| 6100| 6499
16700 | 2300| 2599
16700 | 2900| 7099
16730 | 2350| 2599
16730 | 3600| 3799
16730 | 4300| 4399
16730 | 4800| 5099
16750 | 2300| 2499
16750 | 5900| 5999
16770 | 3600| 3799
16770 | 4300| 4399
16770 | 4820| 5099
16900A| 2700| 2999
16900A| 3700| 5499
16900D| 5900| 6899
16925 | 5900| 6199
16930 | 3700| 3799
16930 | 4700| 5099
16970 | 3700| 3799
16970 | 4700| 5099
17100 | 2700| 2999
17100 | 3450| 3599
17100 | 3700| 6899
17125 | 6000| 6499
17175 | 6400| 6999
17300A| 4100| 6299
17300B| 6200| 6799
17350 | 4500| 4699
17350 | 4800| 4999
17370 | 4800| 4899
17500 | 1600| 2199
17500 | 2300| 2699
17500 | 4300| 6899
17530 | 4800| 4899
17550 | 2100| 2199
17700 | 2100| 2199
17700 | 2400| 6899
17750A| 1100| 5499
17750B| 5600| 6499
17770 | 5200| 5699
17900A| 4500| 5699
17900B| 6300| 6949
18100A| 2700| 3199
18100A| 6300| 6999
18100B| 4500| 6799
18150A| 2400| 2470
18150A| 2500| 2599
18150B| 5100| 5599
18175 | 8700| 10699
18300 | 2400| 2699
18300A| 2700| 3199
18300A| 4500| 5350
18300A| 5700| 7199
18300B| 5100| 5799
18350 | 9200| 9299
18500A| 2700| 3199
18500A| 5800| 7299
18500B| 2300| 2699
36975 | 0001| 9999
18550 | 6000| 7399
18700 | 4700| 5099
18700 | 5600| 7099
18750 | 5900| 7499
18770 | 5600| 5899
18770 | 6300| 7499
18900 | 2700| 3499
18900 | 4500| 7599
18930 | 2400| 2599
18950 | 2300| 3499
18950 | 5600| 7599
19100A| 2700| 5999
19100B| 2400| 7599
19150 | 3300| 3499
19150 | 5300| 5999
19150 | 6200| 6299
19150 | 6500| 6599
19150 | 7200| 7499
19300 | 3300| 3499
19300 | 4500| 4599
19300 | 5000| 7499
19350 | 5300| 5999
19350 | 6500| 7499
19500A| 1000| 5599
19500B| 5500| 5999
19500C| 6000| 7499
19700 | 6500| 6899
19750 | 5900| 6099
19750 | 6500| 6899
19900 | 4400| 4750
19900 | 5500| 6099
19900 | 6600| 6899
19950 | 6600| 6899
20100 | 4400| 4799
20100 | 5100| 6999
20130 | 3200| 3499
20150 | 2700| 2899
20150 | 3000| 3499
20150 | 5700| 5799
20150 | 5900| 6099
20150 | 6500| 6899
20300A| 2100| 2899
20300B| 3000| 3499
20300B| 5500| 7999
20350 | 5900| 5999
20500A| 2400| 2899
20500B| 3000| 3899
20500B| 5400| 5450
20500B| 5700| 6099
20500C| 6400| 7999
20700A| 2400| 2899
20700B| 3000| 3599
20700B| 5400| 5499
20700B| 5700| 6099
20700C| 6100| 7599
20750 | 5400| 5499
20900A| 2400| 2899
20900B| 5400| 5899
20950 | 5400| 5499
21100 | 0001| 6099
55000 | 0500| 0899
55100 | 3950| 3999
18700 | 1800| 2400
25100P| 3900| 4199
04650 | 9400| 9499
25300P| 4000| 4169
25320P| 4000| 4199
04650 | 8200| 8470
04830 | 9400| 9599
04870A| 9400| 9599
04880 | 9300| 9399
25500P| 3900| 4199
25000P| 1000| 1199
25020P| 1000| 1199
25050P| 1000| 1199
25070P| 1000| 1199
25200P| 1000| 1199
25220P| 1000| 1099
25250P| 1130| 1199
25250P| 1000| 1099
25270P| 1150| 1199
25270P| 1000| 1099
25400P| 1000| 1199
25420P| 1100| 1199
25420P| 1000| 1099
25450P| 1000| 1199
25600P| 1000| 1199
02475 | 8200| 10500
12800 | 10100| 10499
12650 | 10100| 10299
13200 | 10100| 10499
13050B| 10100| 10499
13000 | 10100| 10499
12600 | 10100| 10299
12450 | 10100| 10200
12400 | 10100| 10200
13230 | 10100| 10400
18900 | 1800| 2299
35550A| 0001| 9999
20550 | 5400| 5499
09600 | 10400| 10699
34800 | 0001| 9999
41500 | 0001| 9999
35000A| 0001| 9999
35050 | 0001| 9999
20700B| 4700| 4799
20550 | 4700| 4799
20750 | 4700| 4799
35200 | 0001| 9999
20900B| 4700| 4799
35250 | 0001| 9999
35400A| 0001| 9999
35600 | 0001| 9999
35800 | 0001| 9999
35450 | 0001| 9999
35650 | 0001| 9999
34850 | 0001| 9999
35850 | 0001| 9999
36050A| 0001| 9999
36200 | 0001| 9999
36250 | 0001| 9999
36400 | 0001| 9999
36600A| 0001| 9999
36800A| 0001| 9999
36850 | 0001| 9999
37000 | 0001| 13199
37050 | 0001| 9999
37200 | 0001| 9999
37225 | 0001| 9999
37400 | 0001| 13199
37600A| 0001| 9999
37625 | 0001| 9999
37675 | 0001| 9999
37800 | 0001| 9999
37825 | 0001| 9999
37875 | 0001| 9999
38000A| 0001| 9999
38200A| 0001| 9999
39000A| 0001| 9999
39200A| 0001| 9999
35725 | 0001| 9999
32375 | 0001| 9999
33100 | 0001| 9999
34600B| 0001| 9999
33300 | 0001| 9999
35000B| 0001| 9999
33500 | 0001| 9999
33700 | 0001| 9999
34100 | 0001| 9999
34300 | 0001| 9999
34525 | 0001| 9999
34725A| 0001| 9999
35125 | 0001| 9999
35300 | 0001| 9999
35500 | 0001| 9999
35525 | 0001| 9999
35400B| 0001| 9999
35325 | 0001| 9999
35700B| 0001| 9999
35900A| 0001| 9999
36600B| 0001| 9999
36800B| 0001| 9999
38000B| 0001| 9999
35950 | 0001| 9999
38000C| 0001| 9999
38200B| 0001| 9999
38200C| 0001| 9999
38400B| 0001| 9999
38600B| 0001| 9999
38800B| 0001| 9999
39000B| 0001| 9999
39200B| 0001| 9999
32200A| 0001| 9999
35900B| 0001| 9999
32400A| 0001| 9999
32600A| 0001| 9999
35700A| 0001| 9999
35700C| 0001| 9999
36100A| 0001| 9999
36100B| 0001| 9999
36300 | 0001| 9999
36500 | 0001| 9999
36050B| 0001| 9999
36700 | 0001| 9999
36900 | 0001| 9999
36950 | 0001| 9999
37100 | 0001| 9999
37300 | 0001| 9999
37500 | 0001| 9999
37700 | 0001| 9999
37900 | 0001| 9999
38100 | 0001| 9999
38300 | 0001| 9999
38500 | 0001| 9999
38700 | 0001| 9999
38900 | 0001| 9999
39100 | 0001| 9999
39300 | 0001| 9999
39500 | 0001| 9999
39900 | 0001| 9999
40100A| 0001| 9999
40100B| 0001| 9999
40300A| 0001| 9999
40300B| 0001| 9999
40500 | 0001| 9999
40700 | 0001| 9999
40900 | 0001| 9999
41100 | 0001| 9999
41300 | 0001| 9999
37600B| 0001| 9999
37325 | 0001| 9999
37375 | 0001| 9999
34500 | 0001| 9999
34925 | 0001| 9999
35100 | 0001| 9999
34900 | 0001| 9999
34700 | 0001| 9999
38450 | 0001| 9999
39400 | 0001| 9999
39600 | 0001| 9999
39800 | 0001| 9999
40000 | 0001| 9999
40200 | 0001| 9999
41000 | 0001| 9999
31600 | 0001| 9999
31800 | 0001| 9999
31000 | 0001| 9999
31200 | 0001| 9999
31400 | 0001| 9999
32000 | 0001| 9999
32200B| 0001| 9999
32400B| 0001| 9999
32600B| 0001| 9999
38400A| 0001| 9999
32625 | 0001| 9999
32800 | 0001| 9999
33000 | 0001| 9999
33200 | 0001| 9999
33400 | 0001| 9999
38600A| 0001| 9999
33600 | 0001| 9999
33450 | 0001| 9999
38800A| 0001| 9999
33429 | 0001| 9999
33650 | 0001| 9999
34050 | 0001| 9999
33800 | 0001| 9999
34000 | 0001| 9999
34200 | 0001| 9999
34400 | 0001| 9999
34600A| 0001| 9999
34725B| 0001| 9999
38600G| 0001| 9999
38800G| 0001| 9999
39000G| 0001| 9999
39200G| 0001| 9999
39050 | 0001| 9999
30800 | 0001| 9999
35550 | 0001| 9999
32225 | 0001| 9999
31575 | 0001| 9999
31775 | 0001| 9999
32025 | 0001| 9999
32050 | 0001| 9999
31975 | 0001| 9999
32175 | 0001| 9999
32195 | 0001| 9999
32185 | 0001| 9999
60000 | 0001| 9999
60100 | 0001| 9999
60200 | 0001| 9999
60300 | 0001| 9999
60500 | 0001| 9999
60700 | 0001| 9999
61000 | 0001| 9999
61100 | 0001| 9999
61200 | 0001| 9999
62000 | 0001| 9999
62200 | 0001| 9999
62300 | 0001| 9999
50200 | 0001| 9999
50300 | 0001| 9999
60800 | 0001| 9999
62400 | 0001| 9999
63000 | 0001| 9999
50000 | 0001| 9999
50100 | 0001| 9999
07050 | 4699| 4900
20550 | 4400| 4699
09400B| 10299| 10499
20700B| 4599| 4699
20750 | 4599| 4699
09400B| 10499| 10599
20900B| 4599| 4699
09400B| 10599| 10699
09600 | 10299| 10399
20350 | 4599| 4799
20300B| 4599| 4799
20500B| 4599| 4799
09450 | 7600| 7699
07650 | 3700| 3750
07650 | 3800| 3899
19700 | 2400| 2499
05200A| 9700| 9899
05070 | 9800| 9899
05000B| 9800| 9899
20700B| 3600| 4399
07800 | 10400| 10699
20350 | 3600| 3899
07450B| 10400| 10599
07600 | 10350| 10589
07650 | 10400| 10589
07850 | 10400| 10570
14025 | 9800| 10499
20770 | 3800| 3999
20900B| 3750| 4299
20950 | 3800| 3899
20570 | 3900| 3999
20530 | 3900| 3970
08030 | 10450| 10499
08070 | 10430| 10499
08200 | 10400| 10699
08250B| 10500| 10599
08400 | 10500| 10599
08450 | 10600| 10699
08600 | 10500| 10599
08650B| 10500| 10699
08800 | 10500| 10699
08925B| 1100| 1199
05030 | 9700| 9899
20750 | 4300| 4399
20750 | 4100| 4199
07000 | 7500| 7599
09075A| 8600| 8799
13350 | 1699| 1800
02900 | 4600| 4700
04800B| 8900| 8999
20550 | 7000| 7999
39700 | 0000| 9999
16950 | 2300| 2599
17100 | 2300| 2599
17150 | 2300| 2599
20130 | 6900| 6999
02650C| 7000| 7199
05440C| 8800| 8899
04850 | 9000| 9399
08350 | 4000| 4699
05200A| 1500| 3499
04870 | 9400| 9499
19350A| 4600| 4699
20350 | 7000| 7999
19350 | 4600| 4699
09400B| 7600| 7699
07230 | 10400| 10499
10400 | 9600| 9960
09800 | 2230| 8299
10600 | 9600| 10099
10650 | 9600| 10099
19900A| 5200| 5299
19700 | 5000| 5299
18550 | 4800| 4899
19750A| 5000| 5299
16590 | 1400| 1499
16700 | 1500| 2099
16900B| 1400| 2099
16750 | 1400| 1499
16500 | 1400| 1499
16500 | 1800| 2099
03200 | 5500| 8499
37150 | 0001| 9999
03250B| 8100| 8499
03400 | 5300| 8499
37470 | 0001| 9999
03450 | 8200| 8499
37650 | 0001| 9999
03600 | 8100| 8499
03800 | 4600| 8499
04000 | 8300| 8499
04200 | 8300| 8499
04250 | 8400| 8499
04050 | 8400| 8499
03850 | 8400| 8499
00525 | 0300| 0600
02250 | 3500| 6500
38600C| 0001| 9999
09050 | 8100| 8599
09275 | 8700| 9399
09250B| 9100| 9399
09230 | 9000| 9299
09450 | 8700| 9399
09095 | 8700| 9399
09430 | 9100| 9399
05725 | 4500| 4799
05925 | 4500| 4799
09085 | 8700| 9399
08885 | 8700| 9199
08895 | 8700| 9399
09075B| 8700| 9399
16900A| 2400| 2599
09050A| 4300| 4399
17300C| 3700| 3799
08875B| 8700| 9099
16900A| 3400| 3459
17530 | 8000| 9099
09050A| 4000| 4299
08685 | 8800| 8899
09275A| 4200| 4299
07925 | 4400| 4599
17350 | 5000| 5099
04000 | 8800| 8999
04050 | 8800| 8999
17300A| 1600| 1999
03850 | 8800| 8999
03800 | 8800| 8999
09870A| 8100| 8199
10030A| 8100| 8199
05200A| 3500| 3599
10250A| 8100| 8199
03650 | 8800| 8999
16350A| 4500| 4799
03600 | 8800| 8999
09400B| 7700| 7800
09450 | 7700| 7799
10000 | 7700| 7799
00825 | 3500| 4300
08525 | 0000| 0700
00275 | 0100| 1600
07270 | 10400| 10499
07250C| 10400| 10499
09400C| 6600| 6700
09650B| 7700| 7799
08000 | 5300| 5399
09650B| 7800| 7899
16900A| 2300| 2399
04400 | 9400| 9499
01600 | 8200| 8299
16500 | 0600| 0699
01800B| 8200| 8299
16350 | 0600| 0999
20900B| 3100| 3199
09050 | 3900| 4099
09200 | 3900| 4099
09400B| 7500| 7599
16350B| 2300| 2599
